0 
0.023823 
0.047659 
0.071503 
0.095350 
0.119196 
0.143035 
0.166864 
0.190677 
0.214470 
0.238239 
0.261981 
0.285693 
0.309371 
0.333009 
0.356599 
0.380130 
0.403593 
0.426989 
0.450330 
0.473632 
0.496908 
0.520173 
0.543437 
0.566712 
0.590005 
0.613325 
0.636679 
0.660073 
0.683513 
0.707005 
0.730552 
0.754160 
0.777832 
0.801572 
0.825382 
0.849266 
0.873225 
0.897262 
0.921377 
0.945571 
0.969847 
0.994202 
1.018639 
1.043156 
1.067753 
1.092428 
1.117181 
1.142009 
1.166910 
1.191883 
1.216925 
1.242033 
1.267204 
1.292435 
1.317722 
1.343062 
1.368451 
1.393885 
1.419360 
1.444871 
1.470413 
1.495983 
1.521575 
1.547185 
1.572808 
1.598437 
1.624069 
1.649698 
1.675319 
1.700926 
1.726513 
1.752077 
1.777612 
1.803115 
1.828581 
1.854006 
1.879384 
1.904706 
1.929962 
1.955147 
1.980264 
2.005328 
2.030353 
2.055356 
2.080348 
2.105343 
2.130350 
2.155380 
2.180440 
2.205538 
2.230680 
2.255873 
2.281122 
2.306432 
2.331807 
2.357252 
2.382771 
2.408365 
2.434039 
2.459794 
2.485633 
2.511556 
2.537565 
2.563661 
2.589843 
2.616112 
2.642468 
2.668909 
2.695434 
2.722042 
2.748731 
2.775499 
2.802343 
2.829261 
2.856250 
2.883306 
2.910426 
2.937606 
2.964842 
2.992130 
3.019465 
3.046843 
3.074260 
3.101709 
3.129187 
3.156688 
3.184206 
3.211736 
3.239272 
3.266809 
3.294340 
3.321860 
3.349364 
3.376843 
3.404295 
3.431712 
3.459091 
3.486427 
3.513713 
3.540943 
3.568110 
3.595206 
3.622227 
3.649181 
3.676081 
3.702945 
3.729787 
3.756623 
3.783463 
3.810319 
3.837201 
3.864117 
3.891076 
3.918083 
3.945147 
3.972271 
3.999462 
4.026725 
4.054063 
4.081480 
4.108980 
4.136565 
4.164239 
4.192002 
4.219856 
4.247803 
4.275843 
4.303977 
4.332203 
4.360523 
4.388934 
4.417435 
4.446026 
4.474703 
4.503465 
4.532308 
4.561230 
4.590228 
4.619297 
4.648435 
4.677636 
4.706897 
4.736213 
4.765578 
4.794989 
4.824440 
4.853925 
4.883438 
4.912975 
4.942529 
4.972093 
5.001663 
5.031231 
5.060791 
5.090336 
5.119859 
5.149355 
5.178817 
5.208239 
5.237615 
5.266939 
5.296206 
5.325408 
5.354539 
5.383593 
5.412570 
5.441480 
5.470338 
5.499160 
5.527963 
5.556762 
5.585569 
5.614395 
5.643252 
5.672147 
5.701088 
5.730085 
5.759142 
5.788266 
5.817464 
5.846738 
5.876095 
5.905538 
5.935071 
5.964696 
5.994415 
6.024232 
6.054147 
6.084162 
6.114278 
6.144493 
6.174809 
6.205224 
6.235738 
6.266350 
6.297056 
6.327855 
6.358745 
6.389722 
6.420783 
6.451925 
6.483143 
6.514434 
6.545792 
6.577213 
6.608692 
6.640224 
6.671802 
6.703422 
6.735077 
6.766762 
6.798469 
6.830192 
6.861925 
6.893661 
6.925392 
6.957111 
6.988812 
7.020486 
7.052127 
7.083728 
7.115281 
7.146781 
7.178220 
7.209592 
7.240890 
7.272110 
7.303248 
7.334307 
7.365298 
7.396238 
7.427145 
7.458036 
7.488925 
7.519825 
7.550749 
7.581707 
7.612709 
7.643764 
7.674878 
7.706059 
7.737314 
7.768649 
7.800068 
7.831576 
7.863178 
7.894876 
7.926675 
7.958576 
7.990582 
8.022695 
8.054914 
8.087242 
8.119678 
8.152221 
8.184872 
8.217629 
8.250489 
8.283452 
8.316514 
8.349673 
8.382925 
8.416267 
8.449695 
8.483204 
8.516790 
8.550447 
8.584171 
8.617956 
8.651796 
8.685684 
8.719615 
8.753582 
8.787578 
8.821597 
8.855630 
8.889670 
8.923711 
8.957744 
8.991760 
9.025753 
9.059714 
9.093635 
9.127508 
9.161326 
9.195081 
9.228765 
9.262373 
9.295898 
9.329337 
9.362690 
9.395961 
9.429165 
9.462320 
9.495443 
9.528552 
9.561663 
9.594790 
9.627945 
9.661139 
9.694382 
9.727684 
9.761052 
9.794493 
9.828016 
9.861625 
9.895326 
9.929125 
9.963024 
9.997029 
10.031143 
10.065367 
10.099705 
10.134157 
10.168725 
10.203409 
10.238210 
10.273127 
10.308158 
10.343304 
10.378561 
10.413927 
10.449400 
10.484976 
10.520652 
10.556424 
10.592287 
10.628236 
10.664266 
10.700372 
10.736547 
10.772787 
10.809083 
10.845430 
10.881821 
10.918247 
10.954703 
10.991179 
11.027668 
11.064163 
11.100653 
11.137131 
11.173589 
11.210016 
11.246405 
11.282746 
11.319030 
11.355251 
11.391398 
11.427464 
11.463443 
11.499330 
11.535125 
11.570828 
11.606449 
11.642002 
11.677508 
11.712985 
11.748451 
11.783922 
11.819414 
11.854938 
11.890508 
11.926133 
11.961822 
11.997585 
12.033429 
12.069362 
12.105389 
12.141517 
12.177751 
12.214094 
12.250552 
12.287128 
12.323823 
12.360641 
12.397582 
12.434649 
12.471841 
12.509158 
12.546600 
12.584166 
12.621853 
12.659661 
12.697585 
12.735623 
12.773772 
12.812027 
12.850383 
12.888837 
12.927382 
12.966012 
13.004722 
13.043506 
13.082355 
13.121264 
13.160225 
13.199229 
13.238270 
13.277338 
13.316426 
13.355524 
13.394623 
13.433714 
13.472788 
13.511835 
13.550845 
13.589808 
13.628714 
13.667555 
13.706320 
13.745002 
13.783591 
13.822082 
13.860473 
13.898764 
13.936960 
13.975071 
14.013116 
14.051115 
14.089088 
14.127054 
14.165029 
14.203030 
14.241069 
14.279159 
14.317311 
14.355535 
14.393840 
14.432235 
14.470727 
14.509322 
14.548027 
14.586848 
14.625787 
14.664851 
14.704042 
14.743363 
14.782817 
14.822404 
14.862126 
14.901983 
14.941975 
14.982101 
15.022360 
15.062750 
15.103268 
15.143911 
15.184676 
15.225559 
15.266555 
15.307659 
15.348865 
15.390168 
15.431562 
15.473039 
15.514592 
15.556214 
15.597897 
15.639633 
15.681413 
15.723228 
15.765069 
15.806927 
15.848792 
15.890654 
15.932502 
15.974326 
16.016116 
16.057861 
16.099551 
16.141173 
16.182719 
16.224177 
16.265540 
16.306798 
16.347948 
16.388988 
16.429922 
16.470757 
16.511506 
16.552190 
16.592830 
16.633447 
16.674061 
16.714689 
16.755348 
16.796051 
16.836813 
16.877644 
16.918555 
16.959556 
17.000655 
17.041861 
17.083180 
17.124618 
17.166182 
17.207877 
17.249706 
17.291672 
17.333780 
17.376031 
17.418426 
17.460967 
17.503653 
17.546485 
17.589460 
17.632579 
17.675837 
17.719233 
17.762763 
17.806423 
17.850208 
17.894114 
17.938134 
17.982263 
18.026494 
18.070819 
18.115232 
18.159724 
18.204287 
18.248912 
18.293591 
18.338313 
18.383068 
18.427848 
18.472641 
18.517436 
18.562222 
18.606989 
18.651725 
18.696418 
18.741055 
18.785627 
18.830120 
18.874524 
18.918829 
18.963024 
19.007102 
19.051061 
19.094901 
19.138629 
19.182254 
19.225793 
19.269268 
19.312701 
19.356114 
19.399529 
19.442964 
19.486436 
19.529959 
19.573548 
19.617215 
19.660971 
19.704826 
19.748789 
19.792869 
19.837072 
19.881407 
19.925878 
19.970491 
20.015250 
20.060159 
20.105220 
20.150435 
20.195807 
20.241336 
20.287022 
20.332864 
20.378861 
20.425011 
20.471312 
20.517759 
20.564350 
20.611079 
20.657942 
20.704932 
20.752044 
20.799270 
20.846604 
20.894036 
20.941560 
20.989165 
21.036844 
21.084585 
21.132379 
21.180216 
21.228084 
21.275972 
21.323870 
21.371764 
21.419643 
21.467495 
21.515306 
21.563065 
21.610757 
21.658371 
21.705895 
21.753315 
21.800621 
21.847804 
21.894858 
21.941781 
21.988576 
22.035253 
22.081824 
22.128308 
22.174730 
22.221113 
22.267481 
22.313855 
22.360255 
22.406699 
22.453202 
22.499779 
22.546444 
22.593207 
22.640079 
22.687071 
22.734190 
22.781446 
22.828844 
22.876391 
22.924092 
22.971952 
23.019974 
23.068161 
23.116515 
23.165038 
23.213731 
23.262592 
23.311622 
23.360818 
23.410179 
23.459700 
23.509379 
23.559211 
23.609190 
23.659310 
23.709567 
23.759951 
23.810456 
23.861073 
23.911794 
23.962609 
24.013508 
24.064481 
24.115517 
24.166606 
24.217734 
24.268892 
24.320065 
24.371241 
24.422408 
24.473551 
24.524658 
24.575714 
24.626706 
24.677619 
24.728439 
24.779155 
24.829752 
24.880220 
24.930551 
24.980738 
25.030783 
25.080693 
25.130477 
25.180154 
25.229744 
25.279273 
25.328767 
25.378251 
25.427746 
25.477274 
25.526853 
25.576500 
25.626231 
25.676059 
25.725997 
25.776055 
25.826245 
25.876574 
25.927053 
25.977687 
26.028483 
26.079447 
26.130583 
26.181896 
26.233387 
26.285059 
26.336913 
26.388950 
26.441169 
26.493569 
26.546148 
26.598903 
26.651830 
26.704925 
26.758183 
26.811598 
26.865163 
26.918872 
26.972715 
27.026686 
27.080773 
27.134968 
27.189260 
27.243638 
27.298091 
27.352606 
27.407172 
27.461775 
27.516402 
27.571037 
27.625630 
27.680153 
27.734602 
27.788973 
27.843262 
27.897469 
27.951592 
28.005633 
28.059594 
28.113481 
28.167272 
28.220913 
28.274398 
28.327730 
28.380917 
28.433974 
28.486920 
28.539781 
28.592583 
28.645354 
28.698119 
28.750903 
28.803727 
28.856611 
28.909572 
28.962627 
29.015791 
29.069075 
29.122494 
29.176056 
29.229773 
29.283652 
29.337701 
29.391926 
29.446334 
29.500930 
29.555716 
29.610696 
29.665871 
29.721237 
29.776709 
29.832254 
29.887868 
29.943546 
29.999281 
30.055067 
30.110899 
30.166770 
30.222672 
30.278600 
30.334547 
30.390504 
30.446466 
30.502425 
30.558373 
30.614304 
30.670211 
30.726086 
30.781923 
30.837716 
30.893457 
30.949141 
31.004761 
31.060314 
31.115793 
31.171194 
31.226514 
31.281750 
31.336900 
31.391964 
31.446945 
31.501844 
31.556669 
31.611428 
31.666130 
31.720787 
31.775410 
31.830010 
31.884596 
31.939177 
31.993766 
32.048377 
32.103023 
32.157716 
32.212468 
32.267287 
32.322181 
32.377158 
32.432223 
32.487381 
32.542634 
32.597985 
32.653437 
32.708990 
32.764645 
32.820402 
32.876259 
32.932216 
32.988270 
33.044419 
33.100659 
33.156988 
33.213400 
33.269893 
33.326460 
33.383096 
33.439796 
33.496555 
33.553365 
33.610220 
33.667114 
33.724039 
33.780988 
33.837955 
33.894931 
33.951910 
34.008884 
34.065846 
34.122787 
34.179702 
34.236583 
34.293422 
34.350213 
34.406950 
34.463626 
34.520236 
34.576773 
34.633234 
34.689613 
34.745908 
34.802116 
34.858235 
34.914266 
34.970212 
35.026076 
35.081866 
35.137590 
35.193258 
35.248882 
35.304473 
35.360040 
35.415593 
35.471142 
35.526701 
35.582283 
35.637903 
35.693572 
35.749302 
35.805102 
35.860981 
35.916944 
35.972998 
36.029148 
36.085396 
36.141745 
36.198198 
36.254755 
36.311416 
36.368182 
36.425050 
36.482021 
36.539091 
36.596258 
36.653519 
36.710870 
36.768306 
36.825823 
36.883415 
36.941079 
36.998806 
37.056592 
37.114429 
37.172312 
37.230232 
37.288184 
37.346158 
37.404149 
37.462148 
37.520147 
37.578139 
37.636117 
37.694072 
37.751998 
37.809886 
37.867731 
37.925523 
37.983258 
38.040929 
38.098529 
38.156054 
38.213498 
38.270858 
38.328129 
38.385311 
38.442401 
38.499402 
38.556315 
38.613147 
38.669903 
38.726595 
38.783232 
38.839826 
38.896386 
38.952923 
39.009445 
39.065965 
39.122497 
39.179054 
39.235650 
39.292299 
39.349010 
39.405795 
39.462660 
39.519614 
39.576661 
39.633806 
39.691052 
39.748403 
39.805860 
39.863424 
39.921096 
39.978874 
40.036758 
40.094747 
40.152837 
40.211026 
40.269311 
40.327687 
40.386150 
40.444696 
40.503318 
40.562011 
40.620770 
40.679586 
40.738455 
40.797368 
40.856319 
40.915299 
40.974302 
41.033319 
41.092343 
41.151366 
41.210379 
41.269376 
41.328347 
41.387286 
41.446184 
41.505035 
41.563831 
41.622566 
41.681233 
41.739825 
41.798339 
41.856768 
41.915109 
41.973359 
42.031516 
42.089579 
42.147550 
42.205433 
42.263234 
42.320960 
42.378622 
42.436230 
42.493795 
42.551326 
42.608834 
42.666328 
42.723821 
42.781328 
42.838862 
42.896438 
42.954068 
43.011764 
43.069536 
43.127392 
43.185338 
43.243381 
43.301524 
43.359773 
43.418128 
43.476593 
43.535168 
43.593852 
43.652647 
43.711550 
43.770559 
43.829672 
43.888887 
43.948199 
44.007604 
44.067098 
44.126675 
44.186330 
44.246056 
44.305848 
44.365699 
44.425602 
44.485548 
44.545532 
44.605544 
44.665578 
44.725624 
44.785676 
44.845724 
44.905760 
44.965777 
45.025766 
45.085719 
45.145629 
45.205488 
45.265289 
45.325025 
45.384689 
45.444275 
45.503778 
45.563193 
45.622516 
45.681745 
45.740878 
45.799916 
45.858859 
45.917713 
45.976485 
46.035182 
46.093815 
46.152395 
46.210932 
46.269436 
46.327916 
46.386383 
46.444852 
46.503335 
46.561849 
46.620406 
46.679021 
46.737704 
46.796465 
46.855313 
46.914255 
46.973295 
47.032441 
47.091693 
47.151056 
47.210531 
47.270119 
47.329819 
47.389633 
47.449557 
47.509590 
47.569729 
47.629972 
47.690314 
47.750751 
47.811277 
47.871889 
47.932579 
47.993341 
48.054170 
48.115057 
48.175996 
48.236978 
48.297996 
48.359043 
48.420109 
48.481186 
48.542267 
48.603342 
48.664403 
48.725441 
48.786449 
48.847418 
48.908341 
48.969209 
49.030015 
49.090752 
49.151413 
49.211993 
49.272486 
49.332888 
49.393194 
49.453402 
49.513512 
49.573524 
49.633440 
49.693266 
49.753009 
49.812679 
49.872284 
49.931837 
49.991347 
50.050823 
50.110277 
50.169719 
50.229164 
50.288626 
50.348120 
50.407661 
50.467261 
50.526933 
50.586685 
50.646528 
50.706466 
50.766507 
50.826656 
50.886915 
50.947287 
51.007774 
51.068377 
51.129096 
51.189930 
51.250878 
51.311937 
51.373105 
51.434378 
51.495752 
51.557223 
51.618785 
51.680432 
51.742160 
51.803960 
51.865826 
51.927752 
51.989728 
52.051748 
52.113803 
52.175885 
52.237985 
52.300094 
52.362205 
52.424308 
52.486394 
52.548455 
52.610483 
52.672468 
52.734403 
52.796280 
52.858091 
52.919830 
52.981489 
53.043062 
53.104545 
53.165933 
53.227221 
53.288409 
53.349495 
53.410482 
53.471371 
53.532170 
53.592885 
53.653526 
53.714105 
53.774630 
53.835113 
53.895563 
53.955991 
54.016409 
54.076831 
54.137272 
54.197748 
54.258273 
54.318860 
54.379522 
54.440267 
54.501104 
54.562042 
54.623085 
54.684238 
54.745505 
54.806888 
54.868389 
54.930009 
54.991748 
55.053605 
55.115577 
55.177664 
55.239862 
55.302167 
55.364575 
55.427081 
55.489679 
55.552365 
55.615131 
55.677970 
55.740876 
55.803841 
55.866857 
55.929915 
55.993007 
56.056125 
56.119260 
56.182402 
56.245543 
56.308674 
56.371786 
56.434870 
56.497917 
56.560918 
56.623866 
56.686751 
56.749567 
56.812306 
56.874962 
56.937529 
57.000000 
57.062373 
57.124643 
57.186809 
57.248872 
57.310832 
57.372695 
57.434465 
57.496152 
57.557766 
57.619317 
57.680815 
57.742271 
57.803694 
57.865096 
57.926489 
57.987888 
58.049310 
58.110768 
58.172278 
58.233853 
58.295505 
58.357243 
58.419077 
58.481014 
58.543059 
58.605218 
58.667494 
58.729889 
58.792406 
58.855044 
58.917803 
58.980684 
59.043683 
59.106798 
59.170027 
59.233365 
59.296808 
59.360350 
59.423987 
59.487711 
59.551516 
59.615396 
59.679342 
59.743347 
59.807402 
59.871499 
59.935629 
59.999784 
60.063953 
60.128128 
60.192300 
60.256459 
60.320596 
60.384701 
60.448767 
60.512783 
60.576742 
60.640635 
60.704455 
60.768194 
60.831845 
60.895403 
60.958862 
61.022218 
61.085469 
61.148613 
61.211650 
61.274584 
61.337418 
61.400160 
61.462818 
61.525403 
61.587925 
61.650395 
61.712823 
61.775219 
61.837594 
61.899963 
61.962340 
62.024741 
62.087181 
62.149676 
62.212239 
62.274881 
62.337614 
62.400444 
62.463381 
62.526429 
62.589594 
62.652879 
62.716287 
62.779819 
62.843476 
62.907257 
62.971161 
63.035187 
63.099332 
63.163592 
63.227964 
63.292442 
63.357021 
63.421696 
63.486459 
63.551305 
63.616224 
63.681211 
63.746256 
63.811351 
63.876486 
63.941654 
64.006844 
64.072048 
64.137255 
64.202457 
64.267643 
64.332804 
64.397930 
64.463013 
64.528043 
64.593012 
64.657911 
64.722732 
64.787469 
64.852113 
64.916660 
64.981105 
65.045443 
65.109672 
65.173792 
65.237802 
65.301707 
65.365512 
65.429224 
65.492852 
65.556407 
65.619900 
65.683340 
65.746739 
65.810106 
65.873454 
65.936797 
66.000151 
66.063531 
66.126953 
66.190433 
66.253983 
66.317615 
66.381341 
66.445168 
66.509104 
66.573156 
66.637326 
66.701621 
66.766041 
66.830588 
66.895264 
66.960066 
67.024995 
67.090048 
67.155222 
67.220514 
67.285919 
67.351432 
67.417048 
67.482761 
67.548563 
67.614448 
67.680407 
67.746434 
67.812518 
67.878652 
67.944825 
68.011030 
68.077255 
68.143492 
68.209730 
68.275960 
68.342171 
68.408354 
68.474500 
68.540598 
68.606640 
68.672616 
68.738519 
68.804339 
68.870071 
68.935707 
69.001241 
69.066668 
69.131986 
69.197191 
69.262284 
69.327266 
69.392140 
69.456913 
69.521593 
69.586190 
69.650713 
69.715174 
69.779583 
69.843950 
69.908287 
69.972606 
70.036923 
70.101251 
70.165609 
70.230013 
70.294476 
70.359012 
70.423634 
70.488352 
70.553175 
70.618110 
70.683163 
70.748340 
70.813643 
70.879075 
70.944637 
71.010330 
71.076154 
71.142106 
71.208186 
71.274388 
71.340711 
71.407149 
71.473697 
71.540349 
71.607099 
71.673939 
71.740862 
71.807861 
71.874926 
71.942049 
72.009220 
72.076430 
72.143670 
72.210928 
72.278196 
72.345463 
72.412719 
72.479954 
72.547157 
72.614319 
72.681430 
72.748481 
72.815462 
72.882365 
72.949182 
73.015906 
73.082529 
73.149047 
73.215454 
73.281748 
73.347927 
73.413990 
73.479940 
73.545782 
73.611521 
73.677166 
73.742728 
73.808217 
73.873644 
73.939019 
74.004353 
74.069658 
74.134946 
74.200234 
74.265536 
74.330871 
74.396253 
74.461698 
74.527219 
74.592830 
74.658539 
74.724356 
74.790289 
74.856343 
74.922523 
74.988834 
75.055276 
75.121852 
75.188563 
75.255406 
75.322381 
75.389485 
75.456716 
75.524068 
75.591538 
75.659119 
75.726806 
75.794591 
75.862468 
75.930429 
75.998465 
76.066567 
76.134726 
76.202933 
76.271178 
76.339450 
76.407740 
76.476037 
76.544330 
76.612610 
76.680865 
76.749085 
76.817261 
76.885381 
76.953437 
77.021420 
77.089320 
77.157130 
77.224842 
77.292450 
77.359947 
77.427331 
77.494597 
77.561745 
77.628775 
77.695691 
77.762496 
77.829198 
77.895807 
77.962331 
78.028783 
78.095172 
78.161511 
78.227808 
78.294078 
78.360333 
78.426590 
78.492864 
78.559172 
78.625531 
78.691956 
78.758461 
78.825057 
78.891755 
78.958565 
79.025493 
79.092547 
79.159730 
79.227046 
79.294497 
79.362086 
79.429811 
79.497673 
79.565669 
79.633796 
79.702053 
79.770433 
79.838932 
79.907545 
79.976265 
80.045084 
80.113996 
80.182991 
80.252062 
80.321199 
80.390393 
80.459633 
80.528909 
80.598212 
80.667530 
80.736853 
80.806169 
80.875469 
80.944741 
81.013975 
81.083160 
81.152286 
81.221344 
81.290324 
81.359217 
81.428015 
81.496711 
81.565299 
81.633772 
81.702128 
81.770363 
81.838476 
81.906470 
81.974346 
82.042111 
82.109773 
82.177340 
82.244824 
82.312235 
82.379584 
82.446882 
82.514140 
82.581372 
82.648591 
82.715813 
82.783056 
82.850336 
82.917669 
82.985072 
83.052556 
83.120136 
83.187821 
83.255621 
83.323543 
83.391593 
83.459776 
83.528095 
83.596554 
83.665152 
83.733890 
83.802768 
83.871782 
83.940931 
84.010211 
84.079617 
84.149144 
84.218786 
84.288536 
84.358387 
84.428330 
84.498358 
84.568461 
84.638630 
84.708855 
84.779125 
84.849430 
84.919760 
84.990102 
85.060447 
85.130783 
85.201099 
85.271384 
85.341627 
85.411818 
85.481945 
85.552000 
85.621972 
85.691854 
85.761636 
85.831311 
85.900873 
85.970318 
86.039640 
86.108839 
86.177913 
86.246865 
86.315699 
86.384420 
86.453037 
86.521559 
86.589998 
86.658364 
86.726668 
86.794922 
86.863137 
86.931327 
86.999506 
87.067691 
87.135899 
87.204147 
87.272452 
87.340828 
87.409291 
87.477851 
87.546520 
87.615307 
87.684219 
87.753263 
87.822443 
87.891764 
87.961226 
88.030831 
88.100580 
88.170470 
88.240501 
88.310668 
88.380969 
88.451398 
88.521949 
88.592617 
88.663394 
88.734273 
88.805246 
88.876303 
88.947435 
89.018632 
89.089884 
89.161180 
89.232510 
89.303863 
89.375226 
89.446589 
89.517940 
89.589267 
89.660561 
89.731808 
89.802999 
89.874123 
89.945169 
90.016129 
90.086993 
90.157753 
90.228402 
90.298934 
90.369344 
90.439628 
90.509785 
90.579815 
90.649721 
90.719507 
90.789179 
90.858746 
90.928219 
90.997608 
91.066925 
91.136180 
91.205385 
91.274552 
91.343696 
91.412832 
91.481976 
91.551145 
91.620358 
91.689630 
91.758977 
91.828413 
91.897950 
91.967600 
92.037370 
92.107270 
92.177304 
92.247478 
92.317796 
92.388259 
92.458868 
92.529623 
92.600523 
92.671566 
92.742749 
92.814067 
92.885515 
92.957087 
93.028778 
93.100579 
93.172482 
93.244480 
93.316562 
93.388719 
93.460940 
93.533215 
93.605534 
93.677884 
93.750254 
93.822633 
93.895009 
93.967370 
94.039704 
94.112000 
94.184247 
94.256432 
94.328546 
94.400579 
94.472520 
94.544361 
94.616093 
94.687710 
94.759205 
94.830575 
94.901815 
94.972925 
95.043905 
95.114759 
95.185491 
95.256109 
95.326622 
95.397040 
95.467374 
95.537636 
95.607837 
95.677988 
95.748104 
95.818197 
95.888285 
95.958383 
96.028510 
96.098682 
96.168918 
96.239231 
96.309637 
96.380147 
96.450772 
96.521523 
96.592405 
96.663427 
96.734591 
96.805902 
96.877361 
96.948970 
97.020729 
97.092635 
97.164686 
97.236880 
97.309211 
97.381674 
97.454264 
97.526973 
97.599793 
97.672717 
97.745735 
97.818837 
97.892015 
97.965255 
98.038549 
98.111885 
98.185250 
98.258633 
98.332023 
98.405406 
98.478771 
98.552106 
98.625399 
98.698638 
98.771812 
98.844911 
98.917923 
98.990838 
99.063649 
99.136347 
99.208925 
99.281378 
99.353700 
99.425890 
99.497947 
99.569871 
99.641667 
99.713340 
99.784898 
99.856350 
99.927708 
99.998981 
100.070183 
100.141324 
100.212417 
100.283475 
100.354513 
100.425547 
100.496594 
100.567673 
100.638802 
100.709995 
100.781270 
100.852641 
100.924120 
100.995717 
101.067443 
101.139304 
101.211307 
101.283457 
101.355757 
101.428209 
101.500813 
101.573570 
101.646478 
101.719533 
101.792734 
101.866073 
101.939547 
102.013149 
102.086872 
102.160707 
102.234646 
102.308680 
102.382798 
102.456990 
102.531245 
102.605552 
102.679899 
102.754273 
102.828664 
102.903058 
102.977442 
103.051805 
103.126135 
103.200418 
103.274643 
103.348799 
103.422874 
103.496859 
103.570743 
103.644517 
103.718173 
103.791705 
103.865108 
103.938376 
104.011509 
104.084505 
104.157367 
104.230098 
104.302706 
104.375197 
104.447583 
104.519874 
104.592080 
104.664216 
104.736291 
104.808319 
104.880314 
104.952290 
105.024266 
105.096258 
105.168284 
105.240362 
105.312509 
105.384741 
105.457071 
105.529513 
105.602077 
105.674773 
105.747608 
105.820589 
105.893719 
105.967003 
106.040442 
106.114037 
106.187788 
106.261692 
106.335747 
106.409948 
106.484292 
106.558771 
106.633381 
106.708111 
106.782956 
106.857905 
106.932948 
107.008076 
107.083278 
107.158541 
107.233855 
107.309207 
107.384585 
107.459976 
107.535368 
107.610747 
107.686101 
107.761417 
107.836684 
107.911888 
107.987018 
108.062063 
108.137013 
108.211857 
108.286586 
108.361194 
108.435672 
108.510017 
108.584224 
108.658292 
108.732220 
108.806012 
108.879672 
108.953207 
109.026626 
109.099938 
109.173155 
109.246289 
109.319351 
109.392354 
109.465311 
109.538236 
109.611146 
109.684057 
109.756987 
109.829954 
109.902976 
109.976071 
110.049254 
110.122539 
110.195938 
110.269464 
110.343124 
110.416927 
110.490880 
110.564985 
110.639248 
110.713669 
110.788249 
110.862988 
110.937883 
111.012931 
111.088129 
111.163471 
111.238950 
111.314561 
111.390294 
111.466142 
111.542095 
111.618142 
111.694274 
111.770478 
111.846743 
111.923058 
111.999408 
112.075782 
112.152167 
112.228549 
112.304915 
112.381253 
112.457549 
112.533791 
112.609966 
112.686063 
112.762070 
112.837976 
112.913772 
112.989449 
113.064999 
113.140416 
113.215695 
113.290832 
113.365827 
113.440681 
113.515395 
113.589977 
113.664432 
113.738770 
113.813001 
113.887137 
113.961191 
114.035173 
114.109097 
114.182976 
114.256825 
114.330661 
114.404501 
114.478363 
114.552265 
114.626225 
114.700261 
114.774389 
114.848622 
114.922973 
114.997454 
115.072073 
115.146838 
115.221757 
115.296832 
115.372067 
115.447464 
115.523024 
115.598744 
115.674624 
115.750660 
115.826847 
115.903181 
115.979654 
116.056260 
116.132989 
116.209834 
116.286784 
116.363829 
116.440957 
116.518158 
116.595418 
116.672725 
116.750067 
116.827430 
116.904800 
116.982165 
117.059511 
117.136825 
117.214092 
117.291301 
117.368439 
117.445493 
117.522453 
117.599308 
117.676047 
117.752662 
117.829146 
117.905493 
117.981697 
118.057757 
118.133671 
118.209441 
118.285070 
118.360565 
118.435932 
118.511182 
118.586325 
118.661373 
118.736338 
118.811232 
118.886070 
118.960864 
119.035630 
119.110386 
119.185147 
119.259934 
119.334764 
119.409656 
119.484627 
119.559693 
119.634867 
119.710164 
119.785593 
119.861165 
119.936886 
120.012764 
120.088802 
120.165003 
120.241370 
120.317902 
120.394598 
120.471457 
120.548474 
120.625644 
120.702963 
120.780423 
120.858017 
120.935736 
121.013571 
121.091511 
121.169546 
121.247664 
121.325852 
121.404100 
121.482393 
121.560718 
121.639061 
121.717410 
121.795749 
121.874066 
121.952346 
122.030577 
122.108744 
122.186835 
122.264838 
122.342742 
122.420536 
122.498209 
122.575754 
122.653163 
122.730430 
122.807551 
122.884524 
122.961348 
123.038026 
123.114561 
123.190960 
123.267231 
123.343385 
123.419431 
123.495382 
123.571251 
123.647051 
123.722794 
123.798496 
123.874171 
123.949838 
124.025515 
124.101219 
124.176971 
124.252787 
124.328685 
124.404682 
124.480791 
124.557026 
124.633397 
124.709914 
124.786584 
124.863414 
124.940408 
125.017569 
125.094898 
125.172396 
125.250061 
125.327891 
125.405882 
125.484029 
125.562326 
125.640765 
125.719340 
125.798041 
125.876858 
125.955781 
126.034798 
126.113897 
126.193067 
126.272293 
126.351563 
126.430863 
126.510179 
126.589497 
126.668802 
126.748080 
126.827318 
126.906502 
126.985618 
127.064654 
127.143596 
127.222434 
127.301157 
127.379755 
127.458219 
127.536543 
127.614721 
127.692750 
127.770626 
127.848351 
127.925928 
128.003360 
128.080655 
128.157821 
128.234870 
128.311811 
128.388657 
128.465422 
128.542117 
128.618758 
128.695359 
128.771936 
128.848507 
128.925091 
129.001705 
129.078370 
129.155103 
129.231921 
129.308842 
129.385878 
129.463043 
129.540349 
129.617804 
129.695416 
129.773191 
129.851133 
129.929246 
130.007531 
130.085987 
130.164613 
130.243407 
130.322364 
130.401480 
130.480747 
130.560159 
130.639707 
130.719381 
130.799173 
130.879070 
130.959061 
131.039134 
131.119275 
131.199472 
131.279710 
131.359976 
131.440255 
131.520532 
131.600794 
131.681025 
131.761211 
131.841338 
131.921393 
132.001363 
132.081235 
132.160997 
132.240639 
132.320151 
132.399525 
132.478754 
132.557833 
132.636758 
132.715529 
132.794145 
132.872611 
132.950931 
133.029112 
133.107165 
133.185098 
133.262925 
133.340658 
133.418309 
133.495892 
133.573422 
133.650914 
133.728384 
133.805851 
133.883333 
133.960850 
134.038419 
134.116061 
134.193792 
134.271628 
134.349583 
134.427672 
134.505903 
134.584288 
134.662834 
134.741546 
134.820430 
134.899487 
134.978719 
135.058125 
135.137705 
135.217455 
135.297370 
135.377446 
135.457676 
135.538051 
135.618564 
135.699204 
135.779962 
135.860824 
135.941781 
136.022818 
136.103922 
136.185080 
136.266278 
136.347500 
136.428732 
136.509959 
136.591167 
136.672340 
136.753464 
136.834525 
136.915509 
136.996402 
137.077192 
137.157868 
137.238418 
137.318834 
137.399107 
137.479230 
137.559200 
137.639012 
137.718666 
137.798164 
137.877509 
137.956707 
138.035765 
138.114694 
138.193504 
138.272207 
138.350816 
138.429345 
138.507807 
138.586216 
138.664590 
138.742945 
138.821299 
138.899671 
138.978081 
139.056548 
139.135089 
139.213724 
139.292467 
139.371334 
139.450337 
139.529487 
139.608794 
139.688265 
139.767906 
139.847722 
139.927715 
140.007886 
140.088235 
140.168759 
140.249457 
140.330322 
140.411350 
140.492533 
140.573864 
140.655332 
140.736929 
140.818643 
140.900463 
140.982375 
141.064367 
141.146425 
141.228534 
141.310681 
141.392849 
141.475025 
141.557192 
141.639336 
141.721440 
141.803492 
141.885475 
141.967376 
142.049182 
142.130880 
142.212458 
142.293906 
142.375214 
142.456375 
142.537382 
142.618231 
142.698919 
142.779447 
142.859816 
142.940029 
143.020095 
143.100020 
143.179815 
143.259491 
143.339061 
143.418537 
143.497934 
143.577265 
143.656545 
143.735792 
143.815022 
143.894254 
143.973507 
144.052801 
144.132156 
144.211589 
144.291119 
144.370760 
144.450529 
144.530438 
144.610498 
144.690718 
144.771106 
144.851668 
144.932407 
145.013328 
145.094429 
145.175711 
145.257172 
145.338808 
145.420615 
145.502585 
145.584713 
145.666989 
145.749405 
145.831949 
145.914610 
145.997377 
146.080235 
146.163172 
146.246174 
146.329224 
146.412310 
146.495414 
146.578522 
146.661618 
146.744687 
146.827713 
146.910680 
146.993575 
147.076382 
147.159089 
147.241683 
147.324152 
147.406486 
147.488675 
147.570712 
147.652592 
147.734309 
147.815862 
147.897252 
147.978481 
148.059553 
148.140475 
148.221257 
148.301908 
148.382440 
148.462867 
148.543200 
148.623454 
148.703644 
148.783785 
148.863895 
148.943991 
149.024092 
149.104217 
149.184386 
149.264620 
149.344935 
149.425350 
149.505882 
149.586544 
149.667349 
149.748309 
149.829434 
149.910730 
149.992203 
150.073857 
150.155696 
150.237718 
150.319925 
150.402313 
150.484878 
150.567616 
150.650521 
150.733583 
150.816796 
150.900148 
150.983630 
151.067229 
151.150932 
151.234727 
151.318598 
151.402532 
151.486514 
151.570527 
151.654557 
151.738587 
151.822600 
151.906583 
151.990517 
152.074389 
152.158183 
152.241885 
152.325482 
152.408960 
152.492308 
152.575516 
152.658574 
152.741476 
152.824216 
152.906790 
152.989197 
153.071438 
153.153515 
153.235435 
153.317203 
153.398830 
153.480327 
153.561705 
153.642977 
153.724156 
153.805258 
153.886297 
153.967290 
154.048252 
154.129204 
154.210164 
154.291151 
154.372186 
154.453289 
154.534477 
154.615768 
154.697180 
154.778725 
154.860418 
154.942270 
155.024289 
155.106483 
155.188858 
155.271418 
155.354165 
155.437100 
155.520221 
155.603526 
155.687011 
155.770671 
155.854499 
155.938487 
156.022626 
156.106906 
156.191314 
156.275840 
156.360470 
156.445190 
156.529985 
156.614842 
156.699743 
156.784673 
156.869598 
156.954283 
157.038671 
157.122757 
157.206539 
157.290018 
157.373197 
157.456081 
157.538677 
157.620996 
157.703051 
157.784858 
157.866435 
157.947804 
158.028989 
158.110016 
158.190917 
158.271723 
158.352469 
158.433191 
158.513926 
158.594712 
158.675584 
158.756578 
158.837724 
158.919051 
159.000581 
159.082334 
159.164226 
159.246098 
159.327963 
159.409838 
159.491745 
159.573702 
159.655730 
159.737848 
159.820072 
159.902421 
159.984907 
160.067545 
160.150345 
160.233317 
160.316467 
160.399802 
160.483325 
160.567039 
160.650944 
160.735038 
160.819319 
160.903783 
160.988423 
161.073234 
161.158206 
161.243241 
161.328146 
161.412890 
161.497454 
161.581819 
161.665969 
161.749886 
161.833557 
161.916970 
162.000113 
162.082977 
162.165555 
162.247842 
162.329835 
162.411533 
162.492937 
162.574051 
162.654881 
162.735435 
162.815724 
162.895762 
162.975566 
163.055154 
163.134549 
163.213774 
163.292858 
163.371830 
163.450722 
163.529569 
163.608405 
163.687267 
163.766190 
163.845210 
163.924358 
164.003663 
164.083150 
164.162842 
164.242754 
164.322899 
164.403288 
164.483925 
164.564813 
164.645953 
164.727341 
164.808972 
164.890839 
164.972933 
165.055240 
165.137747 
165.220439 
165.303299 
165.386306 
165.469443 
165.552686 
165.636015 
165.719407 
165.802839 
165.886287 
165.969728 
166.053139 
166.136495 
166.219775 
166.302955 
166.386015 
166.468932 
166.551687 
166.634262 
166.716637 
166.798798 
166.880728 
166.962415 
167.043846 
167.125012 
167.205904 
167.286515 
167.366842 
167.446882 
167.526635 
167.606103 
167.685291 
167.764204 
167.842853 
167.921249 
167.999407 
168.077342 
168.155076 
168.232630 
168.310029 
168.387300 
168.464474 
168.541583 
168.618659 
168.695737 
168.772853 
168.850040 
168.927331 
169.004757 
169.082344 
169.160115 
169.238090 
169.316284 
169.394708 
169.473370 
169.552274 
169.631422 
169.710813 
169.790445 
169.870310 
169.950402 
170.030710 
170.111223 
170.191926 
170.272803 
170.353839 
170.435014 
170.516308 
170.597701 
170.679172 
170.760698 
170.842257 
170.923825 
171.005381 
171.086900 
171.168361 
171.249741 
171.331018 
171.412172 
171.493181 
171.574027 
171.654692 
171.735159 
171.815411 
171.895435 
171.975217 
172.054748 
172.134017 
172.213017 
172.291743 
172.370190 
172.448358 
172.526246 
172.603859 
172.681199 
172.758276 
172.835099 
172.911681 
172.988035 
173.064181 
173.140137 
173.215927 
173.291575 
173.367110 
173.442560 
173.517958 
173.593337 
173.668729 
173.744169 
173.819689 
173.895321 
173.971092 
174.047028 
174.123150 
174.199475 
174.276016 
174.352784 
174.429784 
174.507021 
174.584495 
174.662205 
174.740146 
174.818312 
174.896696 
174.975287 
175.054074 
175.133041 
175.212174 
175.291456 
175.370868 
175.450391 
175.530006 
175.609690 
175.689422 
175.769180 
175.848942 
175.928686 
176.008388 
176.088028 
176.167582 
176.247031 
176.326354 
176.405531 
176.484544 
176.563376 
176.642009 
176.720429 
176.798623 
176.876578 
176.954285 
177.031734 
177.108919 
177.185835 
177.262479 
177.338850 
177.414950 
177.490782 
177.566351 
177.641667 
177.716739 
177.791580 
177.866206 
177.940634 
178.014886 
178.088984 
178.162954 
178.236823 
178.310620 
178.384378 
178.458127 
178.531901 
178.605732 
178.679651 
178.753688 
178.827869 
178.902218 
178.976753 
179.051490 
179.126442 
179.201616 
179.277018 
179.352650 
179.428512 
179.504603 
179.580917 
179.657449 
179.734189 
179.811128 
179.888252 
179.965549 
180.043003 
180.120598 
180.198314 
180.276134 
180.354037 
180.432003 
180.510010 
180.588037 
180.666062 
180.744063 
180.822018 
180.899907 
180.977707 
181.055399 
181.132963 
181.210379 
181.287631 
181.364700 
181.441572 
181.518233 
181.594669 
181.670869 
181.746824 
181.822525 
181.897967 
181.973146 
182.048059 
182.122706 
182.197089 
182.271212 
182.345082 
182.418707 
182.492098 
182.565270 
182.638237 
182.711019 
182.783635 
182.856110 
182.928469 
183.000739 
183.072950 
183.145132 
183.217317 
183.289537 
183.361822 
183.434203 
183.506707 
183.579359 
183.652180 
183.725189 
183.798399 
183.871820 
183.945459 
184.019322 
184.093409 
184.167720 
184.242251 
184.316999 
184.391956 
184.467113 
184.542461 
184.617986 
184.693675 
184.769512 
184.845482 
184.921567 
184.997747 
185.074003 
185.150315 
185.226662 
185.303024 
185.379377 
185.455702 
185.531977 
185.608182 
185.684295 
185.760297 
185.836169 
185.911893 
185.987451 
186.062827 
186.138006 
186.212975 
186.287722 
186.362235 
186.436507 
186.510530 
186.584297 
186.657807 
186.731057 
186.804048 
186.876782 
186.949264 
187.021502 
187.093504 
187.165282 
187.236851 
187.308225 
187.379426 
187.450473 
187.521389 
187.592202 
187.662937 
187.733624 
187.804293 
187.874975 
187.945701 
188.016501 
188.087402 
188.158432 
188.229613 
188.300964 
188.372503 
188.444242 
188.516189 
188.588351 
188.660730 
188.733329 
188.806145 
188.879175 
188.952413 
189.025853 
189.099486 
189.173300 
189.247284 
189.321424 
189.395705 
189.470111 
189.544623 
189.619225 
189.693895 
189.768615 
189.843364 
189.918122 
189.992867 
190.067579 
190.142237 
190.216820 
190.291310 
190.365687 
190.439931 
190.514026 
190.587955 
190.661703 
190.735254 
190.808597 
190.881719 
190.954611 
191.027264 
191.099673 
191.171831 
191.243737 
191.315388 
191.386788 
191.457938 
191.528843 
191.599513 
191.669956 
191.740184 
191.810212 
191.880058 
191.949739 
192.019278 
192.088698 
192.158024 
192.227285 
192.296508 
192.365723 
192.434961 
192.504250 
192.573621 
192.643099 
192.712710 
192.782474 
192.852411 
192.922534 
192.992855 
193.063382 
193.134120 
193.205071 
193.276234 
193.347609 
193.419192 
193.490975 
193.562953 
193.635116 
193.707453 
193.779952 
193.852600 
193.925381 
193.998279 
194.071277 
194.144357 
194.217500 
194.290686 
194.363896 
194.437109 
194.510304 
194.583463 
194.656564 
194.729587 
194.802514 
194.875325 
194.948003 
195.020531 
195.092892 
195.165072 
195.237057 
195.308835 
195.380394 
195.451726 
195.522823 
195.593679 
195.664289 
195.734652 
195.804767 
195.874636 
195.944263 
196.013653 
196.082815 
196.151759 
196.220497 
196.289046 
196.357421 
196.425642 
196.493732 
196.561713 
196.629611 
196.697454 
196.765269 
196.833087 
196.900935 
196.968843 
197.036838 
197.104946 
197.173191 
197.241591 
197.310164 
197.378923 
197.447878 
197.517036 
197.586401 
197.655973 
197.725754 
197.795739 
197.865926 
197.936306 
198.006874 
198.077620 
198.148532 
198.219600 
198.290808 
198.362143 
198.433588 
198.505126 
198.576739 
198.648410 
198.720118 
198.791844 
198.863569 
198.935272 
199.006934 
199.078534 
199.150054 
199.221476 
199.292780 
199.363949 
199.434967 
199.505819 
199.576489 
199.646966 
199.717237 
199.787293 
199.857123 
199.926722 
199.996083 
200.065204 
200.134083 
200.202720 
200.271116 
200.339277 
200.407210 
200.474921 
200.542424 
200.609730 
200.676855 
200.743816 
200.810634 
200.877329 
200.943927 
201.010452 
201.076931 
201.143392 
201.209864 
201.276375 
201.342953 
201.409624 
201.476413 
201.543341 
201.610427 
201.677686 
201.745130 
201.812767 
201.880605 
201.948645 
202.016888 
202.085334 
202.153979 
202.222819 
202.291846 
202.361054 
202.430432 
202.499970 
202.569656 
202.639476 
202.709416 
202.779459 
202.849589 
202.919789 
202.990039 
203.060322 
203.130618 
203.200908 
203.271172 
203.341390 
203.411545 
203.481616 
203.551587 
203.621438 
203.691153 
203.760717 
203.830115 
203.899331 
203.968355 
204.037175 
204.105782 
204.174166 
204.242322 
204.310245 
204.377932 
204.445382 
204.512595 
204.579574 
204.646325 
204.712854 
204.779170 
204.845286 
204.911213 
204.976968 
205.042569 
205.108036 
205.173391 
205.238657 
205.303860 
205.369027 
205.434185 
205.499362 
205.564586 
205.629883 
205.695278 
205.760795 
205.826454 
205.892273 
205.958264 
206.024439 
206.090806 
206.157369 
206.224131 
206.291092 
206.358250 
206.425601 
206.493140 
206.560861 
206.628756 
206.696814 
206.765026 
206.833379 
206.901859 
206.970452 
207.039143 
207.107914 
207.176750 
207.245630 
207.314538 
207.383454 
207.452360 
207.521236 
207.590063 
207.658823 
207.727497 
207.796069 
207.864519 
207.932833 
208.000995 
208.068990 
208.136806 
208.204430 
208.271851 
208.339061 
208.406053 
208.472819 
208.539356 
208.605661 
208.671734 
208.737576 
208.803191 
208.868583 
208.933761 
208.998734 
209.063513 
209.128113 
209.192550 
209.256842 
209.321008 
209.385072 
209.449057 
209.512987 
209.576891 
209.640794 
209.704723 
209.768706 
209.832769 
209.896935 
209.961226 
210.025661 
210.090257 
210.155025 
210.219976 
210.285116 
210.350449 
210.415977 
210.481699 
210.547613 
210.613714 
210.679998 
210.746458 
210.813084 
210.879869 
210.946800 
211.013865 
211.081052 
211.148345 
211.215730 
211.283190 
211.350708 
211.418266 
211.485847 
211.553431 
211.621001 
211.688537 
211.756022 
211.823436 
211.890763 
211.957984 
212.025084 
212.092046 
212.158856 
212.225499 
212.291963 
212.358237 
212.424310 
212.490174 
212.555822 
212.621248 
212.686449 
212.751423 
212.816170 
212.880691 
212.944990 
213.009074 
213.072950 
213.136628 
213.200121 
213.263443 
213.326609 
213.389639 
213.452554 
213.515374 
213.578124 
213.640829 
213.703515 
213.766208 
213.828936 
213.891723 
213.954596 
214.017576 
214.080684 
214.143939 
214.207354 
214.270942 
214.334711 
214.398666 
214.462812 
214.527147 
214.591673 
214.656385 
214.721279 
214.786350 
214.851591 
214.916992 
214.982545 
215.048239 
215.114061 
215.179998 
215.246036 
215.312159 
215.378352 
215.444598 
215.510879 
215.577178 
215.643477 
215.709757 
215.776000 
215.842188 
215.908304 
215.974329 
216.040248 
216.106044 
216.171701 
216.237206 
216.302544 
216.367705 
216.432676 
216.497448 
216.562014 
216.626366 
216.690500 
216.754413 
216.818103 
216.881570 
216.944817 
217.007849 
217.070671 
217.133292 
217.195723 
217.257976 
217.320065 
217.382008 
217.443822 
217.505529 
217.567151 
217.628712 
217.690235 
217.751748 
217.813275 
217.874844 
217.936478 
217.998203 
218.060038 
218.122005 
218.184120 
218.246396 
218.308843 
218.371470 
218.434281 
218.497278 
218.560462 
218.623831 
218.687381 
218.751109 
218.815007 
218.879070 
218.943287 
219.007650 
219.072148 
219.136768 
219.201497 
219.266322 
219.331226 
219.396195 
219.461212 
219.526259 
219.591320 
219.656377 
219.721411 
219.786405 
219.851341 
219.916202 
219.980971 
220.045632 
220.110168 
220.174566 
220.238811 
220.302890 
220.366791 
220.430505 
220.494022 
220.557335 
220.620437 
220.683324 
220.745993 
220.808444 
220.870677 
220.932696 
220.994505 
221.056110 
221.117521 
221.178748 
221.239805 
221.300706 
221.361469 
221.422112 
221.482655 
221.543122 
221.603535 
221.663919 
221.724300 
221.784703 
221.845153 
221.905675 
221.966291 
222.027023 
222.087887 
222.148901 
222.210076 
222.271421 
222.332944 
222.394649 
222.456536 
222.518606 
222.580857 
222.643284 
222.705883 
222.768648 
222.831571 
222.894644 
222.957856 
223.021197 
223.084655 
223.148217 
223.211868 
223.275594 
223.339380 
223.403208 
223.467063 
223.530927 
223.594783 
223.658612 
223.722399 
223.786126 
223.849774 
223.913330 
223.976775 
224.040095 
224.103276 
224.166303 
224.229166 
224.291852 
224.354352 
224.416656 
224.478759 
224.540653 
224.602337 
224.663806 
224.725061 
224.786103 
224.846936 
224.907564 
224.967996 
225.028239 
225.088305 
225.148209 
225.207964 
225.267588 
225.327100 
225.386521 
225.445872 
225.505179 
225.564464 
225.623753 
225.683071 
225.742442 
225.801889 
225.861435 
225.921100 
225.980900 
226.040849 
226.100960 
226.161240 
226.221696 
226.282330 
226.343144 
226.404137 
226.465306 
226.526647 
226.588154 
226.649822 
226.711643 
226.773608 
226.835707 
226.897929 
226.960263 
227.022695 
227.085211 
227.147798 
227.210438 
227.273118 
227.335819 
227.398525 
227.461220 
227.523886 
227.586505 
227.649062 
227.711539 
227.773920 
227.836191 
227.898335 
227.960340 
228.022191 
228.083878 
228.145390 
228.206716 
228.267849 
228.328783 
228.389512 
228.450032 
228.510342 
228.570443 
228.630335 
228.690022 
228.749511 
228.808809 
228.867924 
228.926870 
228.985660 
229.044309 
229.102834 
229.161255 
229.219592 
229.277868 
229.336107 
229.394331 
229.452566 
229.510836 
229.569164 
229.627574 
229.686087 
229.744720 
229.803490 
229.862411 
229.921493 
229.980743 
230.040166 
230.099765 
230.159541 
230.219491 
230.279613 
230.339902 
230.400353 
230.460959 
230.521713 
230.582606 
230.643628 
230.704767 
230.766013 
230.827351 
230.888770 
230.950253 
231.011786 
231.073353 
231.134939 
231.196525 
231.258097 
231.319636 
231.381127 
231.442552 
231.503895 
231.565142 
231.626276 
231.687284 
231.748151 
231.808866 
231.869416 
231.929792 
231.989984 
232.049985 
232.109789 
232.169391 
232.228788 
232.287978 
232.346962 
232.405743 
232.464324 
232.522712 
232.580915 
232.638942 
232.696806 
232.754520 
232.812100 
232.869564 
232.926932 
232.984223 
233.041461 
233.098667 
233.155867 
233.213084 
233.270341 
233.327663 
233.385070 
233.442583 
233.500220 
233.557995 
233.615921 
233.674007 
233.732260 
233.790684 
233.849281 
233.908051 
233.966991 
234.026100 
234.085371 
234.144799 
234.204377 
234.264098 
234.323953 
234.383931 
234.444022 
234.504214 
234.564494 
234.624849 
234.685265 
234.745726 
234.806217 
234.866722 
234.927225 
234.987709 
235.048158 
235.108556 
235.168886 
235.229133 
235.289282 
235.349317 
235.409224 
235.468992 
235.528606 
235.588057 
235.647335 
235.706431 
235.765337 
235.824048 
235.882560 
235.940871 
235.998978 
236.056884 
236.114591 
236.172103 
236.229427 
236.286571 
236.343546 
236.400365 
236.457040 
236.513588 
236.570027 
236.626377 
236.682658 
236.738892 
236.795102 
236.851312 
236.907545 
236.963824 
237.020172 
237.076610 
237.133157 
237.189829 
237.246641 
237.303604 
237.360726 
237.418014 
237.475471 
237.533097 
237.590893 
237.648856 
237.706983 
237.765268 
237.823705 
237.882287 
237.941008 
237.999856 
238.058824 
238.117899 
238.177071 
238.236326 
238.295651 
238.355033 
238.414455 
238.473904 
238.533363 
238.592816 
238.652248 
238.711642 
238.770982 
238.830252 
238.889438 
238.948523 
239.007494 
239.066337 
239.125040 
239.183590 
239.241978 
239.300192 
239.358227 
239.416074 
239.473728 
239.531186 
239.588446 
239.645506 
239.702369 
239.759037 
239.815515 
239.871811 
239.927932 
239.983890 
240.039698 
240.095369 
240.150920 
240.206368 
240.261734 
240.317038 
240.372302 
240.427549 
240.482802 
240.538084 
240.593418 
240.648824 
240.704325 
240.759936 
240.815675 
240.871555 
240.927586 
240.983775 
241.040128 
241.096648 
241.153334 
241.210187 
241.267202 
241.324377 
241.381706 
241.439183 
241.496801 
241.554551 
241.612425 
241.670413 
241.728504 
241.786687 
241.844949 
241.903276 
241.961655 
242.020072 
242.078510 
242.136956 
242.195393 
242.253805 
242.312176 
242.370492 
242.428736 
242.486893 
242.544949 
242.602890 
242.660702 
242.718374 
242.775894 
242.833251 
242.890437 
242.947445 
243.004267 
243.060898 
243.117336 
243.173579 
243.229626 
243.285479 
243.341142 
243.396621 
243.451921 
243.507053 
243.562028 
243.616858 
243.671558 
243.726144 
243.780635 
243.835050 
243.889409 
243.943736 
243.998051 
244.052379 
244.106741 
244.161159 
244.215655 
244.270248 
244.324955 
244.379790 
244.434767 
244.489895 
244.545180 
244.600628 
244.656239 
244.712014 
244.767952 
244.824049 
244.880302 
244.936704 
244.993250 
245.049932 
245.106742 
245.163671 
245.220710 
245.277847 
245.335071 
245.392369 
245.449729 
245.507137 
245.564578 
245.622038 
245.679502 
245.736953 
245.794377 
245.851758 
245.909081 
245.966330 
246.023491 
246.080550 
246.137492 
246.194306 
246.250979 
246.307501 
246.363861 
246.420051 
246.476064 
246.531893 
246.587534 
246.642984 
246.698243 
246.753309 
246.808185 
246.862876 
246.917386 
246.971724 
247.025899 
247.079922 
247.133806 
247.187566 
247.241220 
247.294784 
247.348279 
247.401725 
247.455144 
247.508559 
247.561991 
247.615463 
247.668996 
247.722610 
247.776324 
247.830155 
247.884115 
247.938217 
247.992470 
248.046879 
248.101448 
248.156179 
248.211071 
248.266122 
248.321329 
248.376687 
248.432190 
248.487833 
248.543607 
248.599505 
248.655518 
248.711635 
248.767847 
248.824141 
248.880506 
248.936928 
248.993393 
249.049889 
249.106400 
249.162911 
249.219407 
249.275873 
249.332294 
249.388654 
249.444939 
249.501134 
249.557226 
249.613201 
249.669048 
249.724753 
249.780308 
249.835701 
249.890926 
249.945975 
250.000842 
250.055524 
250.110018 
250.164323 
250.218439 
250.272370 
250.326119 
250.379692 
250.433098 
250.486346 
250.539447 
250.592416 
250.645268 
250.698018 
250.750686 
250.803290 
250.855852 
250.908394 
250.960936 
251.013502 
251.066112 
251.118787 
251.171548 
251.224411 
251.277392 
251.330505 
251.383759 
251.437164 
251.490723 
251.544441 
251.598318 
251.652353 
251.706543 
251.760886 
251.815376 
251.870007 
251.924774 
251.979668 
252.034681 
252.089804 
252.145028 
252.200341 
252.255734 
252.311192 
252.366704 
252.422256 
252.477834 
252.533424 
252.589012 
252.644581 
252.700118 
252.755607 
252.811034 
252.866384 
252.921643 
252.976798 
253.031835 
253.086743 
253.141511 
253.196128 
253.250584 
253.304874 
253.358989 
253.412924 
253.466676 
253.520243 
253.573624 
253.626820 
253.679834 
253.732671 
253.785337 
253.837840 
253.890190 
253.942400 
253.994483 
254.046454 
254.098330 
254.150129 
254.201872 
254.253578 
254.305270 
254.356968 
254.408694 
254.460470 
254.512315 
254.564248 
254.616287 
254.668445 
254.720736 
254.773168 
254.825750 
254.878485 
254.931377 
254.984425 
255.037628 
255.090984 
255.144488 
255.198135 
255.251920 
255.305836 
255.359875 
255.414029 
255.468289 
255.522646 
255.577088 
255.631604 
255.686183 
255.740812 
255.795477 
255.850165 
255.904862 
255.959552 
256.014223 
256.068858 
256.123444 
256.177965 
256.232408 
256.286759 
256.341004 
256.395132 
256.449130 
256.502988 
256.556695 
256.610244 
256.663626 
256.716835 
256.769867 
256.822718 
256.875386 
256.927871 
256.980176 
257.032301 
257.084254 
257.136041 
257.187669 
257.239150 
257.290496 
257.341720 
257.392838 
257.443867 
257.494826 
257.545734 
257.596612 
257.647480 
257.698360 
257.749273 
257.800240 
257.851281 
257.902412 
257.953651 
258.005012 
258.056505 
258.108140 
258.159924 
258.211859 
258.263949 
258.316193 
258.368589 
258.421134 
258.473823 
258.526653 
258.579616 
258.632706 
258.685915 
258.739235 
258.792656 
258.846170 
258.899766 
258.953433 
259.007157 
259.060929 
259.114733 
259.168556 
259.222386 
259.276206 
259.330004 
259.383764 
259.437472 
259.491115 
259.544678 
259.598147 
259.651510 
259.704755 
259.757870 
259.810845 
259.863670 
259.916338 
259.968840 
260.021171 
260.073326 
260.125303 
260.177100 
260.228717 
260.280156 
260.331421 
260.382517 
260.433451 
260.484231 
260.534870 
260.585378 
260.635770 
260.686062 
260.736271 
260.786416 
260.836515 
260.886589 
260.936659 
260.986747 
261.036872 
261.087056 
261.137316 
261.187670 
261.238134 
261.288720 
261.339440 
261.390301 
261.441310 
261.492469 
261.543781 
261.595243 
261.646855 
261.698612 
261.750511 
261.802546 
261.854711 
261.906998 
261.959401 
262.011910 
262.064518 
262.117214 
262.169987 
262.222828 
262.275723 
262.328661 
262.381629 
262.434613 
262.487600 
262.540576 
262.593526 
262.646436 
262.699293 
262.752082 
262.804790 
262.857404 
262.909911 
262.962299 
263.014557 
263.066675 
263.118644 
263.170456 
263.222104 
263.273582 
263.324887 
263.376016 
263.426968 
263.477743 
263.528343 
263.578773 
263.629037 
263.679145 
263.729103 
263.778925 
263.828621 
263.878207 
263.927698 
263.977112 
264.026466 
264.075782 
264.125077 
264.174375 
264.223694 
264.273055 
264.322479 
264.371982 
264.421582 
264.471294 
264.521129 
264.571098 
264.621208 
264.671465 
264.721870 
264.772425 
264.823129 
264.873979 
264.924971 
264.976101 
265.027364 
265.078753 
265.130260 
265.181879 
265.233601 
265.285418 
265.337318 
265.389293 
265.441331 
265.493421 
265.545549 
265.597705 
265.649873 
265.702042 
265.754196 
265.806323 
265.858408 
265.910438 
265.962398 
266.014276 
266.066058 
266.117733 
266.169289 
266.220715 
266.272001 
266.323139 
266.374120 
266.424939 
266.475590 
266.526070 
266.576376 
266.626507 
266.676464 
266.726251 
266.775870 
266.825328 
266.874634 
266.923795 
266.972824 
267.021733 
267.070537 
267.119251 
267.167894 
267.216483 
267.265038 
267.313579 
267.362126 
267.410700 
267.459321 
267.508007 
267.556776 
267.605645 
267.654626 
267.703732 
267.752972 
267.802353 
267.851878 
267.901551 
267.951371 
268.001337 
268.051447 
268.101696 
268.152079 
268.202591 
268.253225 
268.303975 
268.354832 
268.405789 
268.456836 
268.507963 
268.559162 
268.610419 
268.661725 
268.713068 
268.764433 
268.815809 
268.867182 
268.918539 
268.969866 
269.021149 
269.072374 
269.123529 
269.174600 
269.225576 
269.276442 
269.327190 
269.377807 
269.428285 
269.478616 
269.528791 
269.578804 
269.628652 
269.678330 
269.727836 
269.777171 
269.826335 
269.875331 
269.924164 
269.972840 
270.021367 
270.069755 
270.118015 
270.166160 
270.214205 
270.262166 
270.310061 
270.357907 
270.405725 
270.453534 
270.501354 
270.549205 
270.597107 
270.645077 
270.693134 
270.741292 
270.789564 
270.837962 
270.886494 
270.935165 
270.983981 
271.032941 
271.082047 
271.131297 
271.180686 
271.230212 
271.279869 
271.329651 
271.379552 
271.429564 
271.479681 
271.529893 
271.580191 
271.630568 
271.681011 
271.731510 
271.782054 
271.832631 
271.883229 
271.933834 
271.984434 
272.035015 
272.085564 
272.136067 
272.186512 
272.236884 
272.287171 
272.337361 
272.387443 
272.437405 
272.487237 
272.536929 
272.586475 
272.635867 
272.685098 
272.734165 
272.783065 
272.831795 
272.880356 
272.928749 
272.976978 
273.025047 
273.072963 
273.120735 
273.168372 
273.215885 
273.263289 
273.310598 
273.357828 
273.404997 
273.452123 
273.499225 
273.546323 
273.593437 
273.640587 
273.687791 
273.735067 
273.782432 
273.829900 
273.877483 
273.925193 
273.973036 
274.021019 
274.069144 
274.117412 
274.165824 
274.214376 
274.263065 
274.311888 
274.360838 
274.409910 
274.459097 
274.508392 
274.557788 
274.607276 
274.656847 
274.706492 
274.756200 
274.805962 
274.855765 
274.905598 
274.955449 
275.005304 
275.055152 
275.104979 
275.154772 
275.204517 
275.254201 
275.303812 
275.353337 
275.402764 
275.452082 
275.501280 
275.550348 
275.599278 
275.648061 
275.696691 
275.745162 
275.793471 
275.841614 
275.889590 
275.937399 
275.985044 
276.032527 
276.079855 
276.127033 
276.174071 
276.220978 
276.267767 
276.314451 
276.361045 
276.407566 
276.454030 
276.500456 
276.546864 
276.593273 
276.639702 
276.686170 
276.732696 
276.779298 
276.825991 
276.872788 
276.919703 
276.966744 
277.013918 
277.061231 
277.108684 
277.156279 
277.204015 
277.251888 
277.299897 
277.348035 
277.396297 
277.444678 
277.493171 
277.541768 
277.590462 
277.639246 
277.688108 
277.737042 
277.786035 
277.835079 
277.884161 
277.933270 
277.982394 
278.031521 
278.080637 
278.129730 
278.178786 
278.227794 
278.276739 
278.325610 
278.374393 
278.423078 
278.471654 
278.520109 
278.568435 
278.616622 
278.664664 
278.712553 
278.760285 
278.807856 
278.855264 
278.902507 
278.949585 
278.996503 
279.043262 
279.089869 
279.136330 
279.182655 
279.228854 
279.274939 
279.320924 
279.366824 
279.412656 
279.458436 
279.504183 
279.549916 
279.595655 
279.641418 
279.687225 
279.733093 
279.779040 
279.825079 
279.871226 
279.917490 
279.963880 
280.010404 
280.057064 
280.103865 
280.150805 
280.197883 
280.245096 
280.292441 
280.339913 
280.387506 
280.435215 
280.483031 
280.530949 
280.578961 
280.627058 
280.675231 
280.723472 
280.771770 
280.820114 
280.868494 
280.916899 
280.965316 
281.013732 
281.062136 
281.110515 
281.158856 
281.207145 
281.255372 
281.303522 
281.351584 
281.399547 
281.447400 
281.495133 
281.542736 
281.590201 
281.637522 
281.684691 
281.731704 
281.778558 
281.825251 
281.871781 
281.918149 
281.964359 
282.010415 
282.056321 
282.102086 
282.147718 
282.193229 
282.238630 
282.283936 
282.329162 
282.374324 
282.419439 
282.464527 
282.509605 
282.554693 
282.599810 
282.644974 
282.690203 
282.735512 
282.780917 
282.826430 
282.872061 
282.917819 
282.963710 
283.009736 
283.055901 
283.102203 
283.148641 
283.195212 
283.241911 
283.288735 
283.335676 
283.382729 
283.429887 
283.477144 
283.524490 
283.571919 
283.619421 
283.666987 
283.714607 
283.762271 
283.809968 
283.857687 
283.905415 
283.953141 
284.000851 
284.048535 
284.096178 
284.143769 
284.191295 
284.238744 
284.286105 
284.333365 
284.380515 
284.427544 
284.474445 
284.521207 
284.567826 
284.614295 
284.660609 
284.706765 
284.752762 
284.798599 
284.844277 
284.889799 
284.935169 
284.980395 
285.025482 
285.070441 
285.115283 
285.160020 
285.204666 
285.249236 
285.293748 
285.338217 
285.382664 
285.427106 
285.471561 
285.516050 
285.560589 
285.605196 
285.649886 
285.694674 
285.739571 
285.784587 
285.829729 
285.875004 
285.920413 
285.965959 
286.011640 
286.057455 
286.103400 
286.149470 
286.195662 
286.241968 
286.288383 
286.334900 
286.381512 
286.428211 
286.474989 
286.521837 
286.568746 
286.615706 
286.662707 
286.709739 
286.756789 
286.803846 
286.850899 
286.897935 
286.944941 
286.991906 
287.038817 
287.085661 
287.132427 
287.179104 
287.225680 
287.272145 
287.318490 
287.364706 
287.410785 
287.456721 
287.502508 
287.548141 
287.593619 
287.638938 
287.684101 
287.729107 
287.773960 
287.818665 
287.863227 
287.907656 
287.951961 
287.996152 
288.040243 
288.084247 
288.128180 
288.172060 
288.215902 
288.259725 
288.303548 
288.347389 
288.391267 
288.435199 
288.479201 
288.523289 
288.567476 
288.611774 
288.656191 
288.700734 
288.745409 
288.790217 
288.835160 
288.880237 
288.925444 
288.970780 
289.016238 
289.061813 
289.107501 
289.153294 
289.199187 
289.245170 
289.291238 
289.337382 
289.383592 
289.429861 
289.476178 
289.522534 
289.568916 
289.615316 
289.661720 
289.708117 
289.754495 
289.800842 
289.847145 
289.893393 
289.939573 
289.985675 
290.031686 
290.077595 
290.123394 
290.169073 
290.214622 
290.260035 
290.305306 
290.350429 
290.395400 
290.440217 
290.484878 
290.529383 
290.573735 
290.617937 
290.661994 
290.705913 
290.749701 
290.793368 
290.836927 
290.880389 
290.923770 
290.967084 
291.010348 
291.053580 
291.096798 
291.140019 
291.183263 
291.226547 
291.269888 
291.313302 
291.356804 
291.400407 
291.444121 
291.487955 
291.531915 
291.576006 
291.620229 
291.664584 
291.709072 
291.753688 
291.798428 
291.843289 
291.888265 
291.933350 
291.978537 
292.023820 
292.069192 
292.114644 
292.160170 
292.205759 
292.251404 
292.297094 
292.342820 
292.388571 
292.434335 
292.480103 
292.525861 
292.571598 
292.617302 
292.662961 
292.708563 
292.754097 
292.799550 
292.844913 
292.890174 
292.935323 
292.980352 
293.025253 
293.070017 
293.114640 
293.159117 
293.203443 
293.247616 
293.291635 
293.335502 
293.379217 
293.422786 
293.466212 
293.509503 
293.552668 
293.595716 
293.638659 
293.681510 
293.724284 
293.766995 
293.809662 
293.852300 
293.894928 
293.937565 
293.980227 
294.022933 
294.065700 
294.108542 
294.151474 
294.194508 
294.237654 
294.280920 
294.324312 
294.367834 
294.411486 
294.455270 
294.499183 
294.543222 
294.587383 
294.631662 
294.676053 
294.720550 
294.765146 
294.809835 
294.854610 
294.899463 
294.944385 
294.989369 
295.034406 
295.079485 
295.124597 
295.169732 
295.214878 
295.260024 
295.305160 
295.350272 
295.395350 
295.440381 
295.485354 
295.530257 
295.575079 
295.619809 
295.664437 
295.708954 
295.753350 
295.797618 
295.841751 
295.885744 
295.929590 
295.973287 
296.016834 
296.060229 
296.103473 
296.146569 
296.189520 
296.232332 
296.275013 
296.317571 
296.360016 
296.402360 
296.444616 
296.486799 
296.528925 
296.571010 
296.613071 
296.655126 
296.697193 
296.739290 
296.781433 
296.823640 
296.865926 
296.908303 
296.950783 
296.993376 
297.036089 
297.078927 
297.121894 
297.164991 
297.208217 
297.251570 
297.295047 
297.338643 
297.382354 
297.426174 
297.470098 
297.514118 
297.558228 
297.602420 
297.646688 
297.691023 
297.735416 
297.779859 
297.824342 
297.868856 
297.913390 
297.957932 
298.002474 
298.047002 
