0.268286 0.024449 -0.250568 -0.206039 0.101248 0.279415 0.101248 -0.206039 -0.250568 0.024449 0.268286 
0.956488 0.087163 -0.893319 -0.734566 0.360968 0.996165 0.360968 -0.734566 -0.893319 0.087163 0.956488 
0.424895 0.038720 -0.396834 -0.326312 0.160351 0.442520 0.160351 -0.326312 -0.396834 0.038720 0.424895 
-0.648560 -0.059102 0.605727 0.498082 -0.244759 -0.675463 -0.244759 0.498082 0.605727 -0.059102 -0.648560 
-0.894916 -0.081552 0.835814 0.687280 -0.337732 -0.932039 -0.337732 0.687280 0.835814 -0.081552 -0.894916 
0.000000 0.000000 -0.000000 -0.000000 0.000000 0.000000 0.000000 -0.000000 -0.000000 0.000000 0.000000 
0.894916 0.081552 -0.835814 -0.687280 0.337732 0.932039 0.337732 -0.687280 -0.835814 0.081552 0.894916 
0.648560 0.059102 -0.605727 -0.498082 0.244759 0.675463 0.244759 -0.498082 -0.605727 0.059102 0.648560 
-0.424895 -0.038720 0.396834 0.326312 -0.160351 -0.442520 -0.160351 0.326312 0.396834 -0.038720 -0.424895 
-0.956488 -0.087163 0.893319 0.734566 -0.360968 -0.996165 -0.360968 0.734566 0.893319 -0.087163 -0.956488 
-0.268286 -0.024449 0.250568 0.206039 -0.101248 -0.279415 -0.101248 0.206039 0.250568 -0.024449 -0.268286 
